各位玩家手中的牌：
409  501  302  109  202  304  102  201  309  413  104  108  412  411  307  111  306  408  212  401  404  213  306  402  
213  111  102  307  205  305  201  103  304  313  107  409  410  113  410  209  311  103  104  405  204  407  401  203  
207  110  108  413  202  211  502  403  305  308  107  313  101  405  207  303  212  308  206  206  501  301  406  105  
411  106  312  101  301  310  112  105  208  210  113  404  211  407  406  312  203  402  310  408  302  109  209  208  

底牌为：
106  403  412  205  110  309  311  112  210  303  502  204  

各位玩家手中的炸弹：
409 ***: 302 202 102 402 1
213 ***: 0
207 ***: 0
411 ***: 0

